0 0.48279313016528924 0.2663786626596544 0.008199896694214876 0.016754320060105184
0 0.456902117768595 0.35112697220135236 0.01168646694214876 0.012546957175056349
0 0.4252647210743802 0.3688204357625845 0.018143078512396695 0.020886551465063862
0 0.4223592458677686 0.4633734034560481 0.015302169421487603 0.020210368144252443
0 0.4324638429752066 0.5520661157024793 0.016012396694214875 0.03215627347858753
0 0.3661544421487603 0.5883170548459805 0.017045454545454544 0.014650638617580767
0 0.3072055785123967 0.5857625845229151 0.014462809917355372 0.009992486851990985
0 0.6868543388429752 0.018369646882043577 0.014979338842975207 0.032832456799398946
0 0.5463584710743802 0.17824943651389932 0.01175103305785124 0.01960931630353118
0 0.6129261363636364 0.14154770848985726 0.013300619834710745 0.023140495867768594
0 0.6085356404958677 0.4815176558978212 0.013558884297520661 0.018933132982719758
0 0.5236311983471075 0.44406461307287753 0.018207644628099172 0.027873779113448537
0 0.5358664772727273 0.5396318557475582 0.02033832644628099 0.027723516153268218
0 0.6411092458677686 0.5549211119459053 0.01853047520661157 0.020736288504883547
0 0.6910511363636364 0.542862509391435 0.017820247933884297 0.022013523666416228
0 0.8348075929752066 0.45184072126220887 0.020209194214876033 0.023591284748309543
0 0.7762138429752066 0.31502629601803156 0.028925619834710745 0.029301277235161533
0 0.5907476756198347 0.3534936138241923 0.016206095041322314 0.02374154770848986
0 0.556979597107438 0.2700976709241172 0.014010847107438017 0.0202854996243426
0 0.9649405991735537 0.11543951915852742 0.02621384297520661 0.0410969196093163
0 0.8435240185950413 0.10555972952667167 0.022662706611570247 0.037265214124718254
0 0.7279829545454546 0.15368144252441773 0.01962809917355372 0.02937640871525169
0 0.6685821280991735 0.33640120210368146 0.016787190082644628 0.04019534184823441
