ImageName,X,Y,W,H,Lon,Lat
S1A_IW_GRDH_1SDV_20240224T093202_20240224T093227_052699_066052_14E8,14033,400,7,7,127.74989889728245,37.346124200201146
S1A_IW_GRDH_1SDV_20240224T093202_20240224T093227_052699_066052_14E8,7566,1113,7,11,126.58801790880227,37.21766511457205
S1A_IW_GRDH_1SDV_20240224T093202_20240224T093227_052699_066052_14E8,7566,1113,6,11,126.58792807727386,37.21766511457205
S1A_IW_GRDH_1SDV_20240224T093202_20240224T093227_052699_066052_14E8,13285,939,9,10,127.615690593835,37.249016317987824
S1A_IW_GRDH_1SDV_20240224T093202_20240224T093227_052699_066052_14E8,13690,770,7,9,127.68827446879186,37.27946920611947
S1A_IW_GRDH_1SDV_20240224T093202_20240224T093227_052699_066052_14E8,14110,1178,7,8,127.76373295265789,37.20625651046373
S1A_IW_GRDH_1SDV_20240224T093202_20240224T093227_052699_066052_14E8,14182,844,7,10,127.77666869274921,37.26608430838609
S1A_IW_GRDH_1SDV_20240224T093202_20240224T093227_052699_066052_14E8,7548,1747,7,13,126.58478397377944,37.10357907348887
S1A_IW_GRDH_1SDV_20240224T093202_20240224T093227_052699_066052_14E8,9920,1740,9,11,127.01112440762256,37.105016377943464
S1A_IW_GRDH_1SDV_20240224T093202_20240224T093227_052699_066052_14E8,10662,1795,9,5,127.1444343957859,37.09567389898862
S1A_IW_GRDH_1SDV_20240224T093202_20240224T093227_052699_066052_14E8,11313,1560,11,9,127.26157470883508,37.13753539122859
S1A_IW_GRDH_1SDV_20240224T093202_20240224T093227_052699_066052_14E8,12294,1518,8,10,127.4375546729941,37.14499140808678
S1A_IW_GRDH_1SDV_20240224T093202_20240224T093227_052699_066052_14E8,12854,1470,8,9,127.53816598481548,37.15370506634274
S1A_IW_GRDH_1SDV_20240224T093202_20240224T093227_052699_066052_14E8,12880,1478,7,9,127.5427473927645,37.15226776188815
S1A_IW_GRDH_1SDV_20240224T093202_20240224T093227_052699_066052_14E8,13008,1575,7,9,127.56574426403796,37.134840445376234
S1A_IW_GRDH_1SDV_20240224T093202_20240224T093227_052699_066052_14E8,13341,1351,6,10,127.6254822304319,37.17499513857637
S1A_IW_GRDH_1SDV_20240224T093202_20240224T093227_052699_066052_14E8,13976,1694,10,12,127.73992759762874,37.11319104702895
S1A_IW_GRDH_1SDV_20240224T093202_20240224T093227_052699_066052_14E8,14110,1177,7,8,127.76373295265789,37.20643617352056
S1A_IW_GRDH_1SDV_20240224T093202_20240224T093227_052699_066052_14E8,14796,1353,8,8,127.88707164116751,37.17481547551955
S1A_IW_GRDH_1SDV_20240224T093202_20240224T093227_052699_066052_14E8,15793,1175,9,9,128.06628554034936,37.20670566810579
S1A_IW_GRDH_1SDV_20240224T093202_20240224T093227_052699_066052_14E8,5208,2103,9,15,126.16455208386833,37.039439362202735
S1A_IW_GRDH_1SDV_20240224T093202_20240224T093227_052699_066052_14E8,5230,1917,9,17,126.16850467111846,37.07267702771516
S1A_IW_GRDH_1SDV_20240224T093202_20240224T093227_052699_066052_14E8,5138,2215,9,15,126.15197566989065,37.01931709983846
S1A_IW_GRDH_1SDV_20240224T093202_20240224T093227_052699_066052_14E8,5258,2152,11,16,126.17371489976634,37.03054604088995
S1A_IW_GRDH_1SDV_20240224T093202_20240224T093227_052699_066052_14E8,5229,1918,9,16,126.16832500806163,37.072587196186745
S1A_IW_GRDH_1SDV_20240224T093202_20240224T093227_052699_066052_14E8,6095,1987,8,13,126.32382338374272,37.060459939851135
S1A_IW_GRDH_1SDV_20240224T093202_20240224T093227_052699_066052_14E8,6047,2166,8,15,126.31519955701516,37.02812058962283
S1A_IW_GRDH_1SDV_20240224T093202_20240224T093227_052699_066052_14E8,6056,2199,7,13,126.31672669299817,37.02237137180447
S1A_IW_GRDH_1SDV_20240224T093202_20240224T093227_052699_066052_14E8,6516,2118,8,14,126.39946153066558,37.036834247878794
S1A_IW_GRDH_1SDV_20240224T093202_20240224T093227_052699_066052_14E8,7547,1746,8,13,126.58469414225102,37.10375873654569
S1A_IW_GRDH_1SDV_20240224T093202_20240224T093227_052699_066052_14E8,8657,2065,7,9,126.78403030379715,37.04680554753252
S1A_IW_GRDH_1SDV_20240224T093202_20240224T093227_052699_066052_14E8,8908,2092,8,9,126.82921556258836,37.04195464499827
S1A_IW_GRDH_1SDV_20240224T093202_20240224T093227_052699_066052_14E8,9591,1875,8,9,126.95192543039909,37.08094152832906
S1A_IW_GRDH_1SDV_20240224T093202_20240224T093227_052699_066052_14E8,9866,2345,7,9,127.00124293949725,36.99649989162182
S1A_IW_GRDH_1SDV_20240224T093202_20240224T093227_052699_066052_14E8,9866,2345,7,10,127.00124293949725,36.99641006009341
S1A_IW_GRDH_1SDV_20240224T093202_20240224T093227_052699_066052_14E8,9920,1740,9,10,127.01112440762256,37.10510620947188
S1A_IW_GRDH_1SDV_20240224T093202_20240224T093227_052699_066052_14E8,9979,2373,8,6,127.02163469644675,36.99173882061599
S1A_IW_GRDH_1SDV_20240224T093202_20240224T093227_052699_066052_14E8,11257,2050,8,10,127.2512440830677,37.04941066185646
S1A_IW_GRDH_1SDV_20240224T093202_20240224T093227_052699_066052_14E8,11841,1885,6,8,127.35598764519605,37.07923472928923
S1A_IW_GRDH_1SDV_20240224T093202_20240224T093227_052699_066052_14E8,12433,1907,9,10,127.46261766942104,37.07510247898228
S1A_IW_GRDH_1SDV_20240224T093202_20240224T093227_052699_066052_14E8,12293,2122,9,11,127.43746484146568,37.036385090236735
S1A_IW_GRDH_1SDV_20240224T093202_20240224T093227_052699_066052_14E8,13191,1951,9,12,127.59880226649355,37.06701764142521
S1A_IW_GRDH_1SDV_20240224T093202_20240224T093227_052699_066052_14E8,14439,2123,8,9,127.82293192988138,37.036385090236735
S1A_IW_GRDH_1SDV_20240224T093202_20240224T093227_052699_066052_14E8,5046,2320,9,8,126.13544666866285,37.001081299570835
S1A_IW_GRDH_1SDV_20240224T093202_20240224T093227_052699_066052_14E8,7070,2783,7,8,126.49890503261761,36.917897304261366
S1A_IW_GRDH_1SDV_20240224T093202_20240224T093227_052699_066052_14E8,7529,2534,7,8,126.58137037569978,36.96263340541052
S1A_IW_GRDH_1SDV_20240224T093202_20240224T093227_052699_066052_14E8,7910,2680,7,9,126.64982200034969,36.93631276758582
S1A_IW_GRDH_1SDV_20240224T093202_20240224T093227_052699_066052_14E8,8237,2741,9,11,126.70875148298794,36.92517365806273
S1A_IW_GRDH_1SDV_20240224T093202_20240224T093227_052699_066052_14E8,8794,2864,6,8,126.80855431105361,36.90334459665863
S1A_IW_GRDH_1SDV_20240224T093202_20240224T093227_052699_066052_14E8,8962,2535,11,14,126.83918686224209,36.96191475318322
S1A_IW_GRDH_1SDV_20240224T093202_20240224T093227_052699_066052_14E8,9867,2343,6,11,127.00133277102566,36.99667955467865
S1A_IW_GRDH_1SDV_20240224T093202_20240224T093227_052699_066052_14E8,11266,2647,7,7,127.25277121905071,36.942421311517826
S1A_IW_GRDH_1SDV_20240224T093202_20240224T093227_052699_066052_14E8,14080,2479,7,10,127.75834306095318,36.97233521047901
S1A_IW_GRDH_1SDV_20240224T093202_20240224T093227_052699_066052_14E8,15179,2951,7,7,127.95579276040264,36.887803742243364
S1A_IW_GRDH_1SDV_20240224T093202_20240224T093227_052699_066052_14E8,5226,3229,6,7,126.16751652430592,36.83785741244632
S1A_IW_GRDH_1SDV_20240224T093202_20240224T093227_052699_066052_14E8,5672,3375,10,12,126.24800557376302,36.81117744850797
S1A_IW_GRDH_1SDV_20240224T093202_20240224T093227_052699_066052_14E8,5225,3228,8,9,126.16751652430592,36.83785741244632
S1A_IW_GRDH_1SDV_20240224T093202_20240224T093227_052699_066052_14E8,5770,3477,8,9,126.26543289027495,36.79312131129716
S1A_IW_GRDH_1SDV_20240224T093202_20240224T093227_052699_066052_14E8,6241,3372,7,8,126.34996435851059,36.81207576379209
S1A_IW_GRDH_1SDV_20240224T093202_20240224T093227_052699_066052_14E8,6730,3523,11,13,126.43817891941113,36.78449748456962
S1A_IW_GRDH_1SDV_20240224T093202_20240224T093227_052699_066052_14E8,7061,3028,9,10,126.49746772816302,36.87370019228268
S1A_IW_GRDH_1SDV_20240224T093202_20240224T093227_052699_066052_14E8,7620,3000,9,11,126.59789937692759,36.87864092634534
S1A_IW_GRDH_1SDV_20240224T093202_20240224T093227_052699_066052_14E8,8584,3213,8,8,126.77100473217742,36.840642189827086
S1A_IW_GRDH_1SDV_20240224T093202_20240224T093227_052699_066052_14E8,8232,3266,7,10,126.70767350464699,36.8309403847586
S1A_IW_GRDH_1SDV_20240224T093202_20240224T093227_052699_066052_14E8,8344,3534,10,5,126.7280652615965,36.78323984317185
S1A_IW_GRDH_1SDV_20240224T093202_20240224T093227_052699_066052_14E8,8817,3035,11,11,126.81313571900262,36.872352719356506
S1A_IW_GRDH_1SDV_20240224T093202_20240224T093227_052699_066052_14E8,9246,3529,7,8,126.88985184426643,36.783868663870734
S1A_IW_GRDH_1SDV_20240224T093202_20240224T093227_052699_066052_14E8,9466,3474,7,10,126.92937771676769,36.79357046893922
S1A_IW_GRDH_1SDV_20240224T093202_20240224T093227_052699_066052_14E8,9408,3331,9,10,126.91913692252872,36.81926228606504
S1A_IW_GRDH_1SDV_20240224T093202_20240224T093227_052699_066052_14E8,10992,3534,10,5,127.2038130360662,36.78323984317185
S1A_IW_GRDH_1SDV_20240224T093202_20240224T093227_052699_066052_14E8,13225,3450,8,9,127.60482097889715,36.79797221383141
S1A_IW_GRDH_1SDV_20240224T093202_20240224T093227_052699_066052_14E8,14440,3394,8,8,127.82311159293819,36.80812317654196
S1A_IW_GRDH_1SDV_20240224T093202_20240224T093227_052699_066052_14E8,14502,3266,8,9,127.83425070246128,36.83103021628701
S1A_IW_GRDH_1SDV_20240224T093202_20240224T093227_052699_066052_14E8,14596,3043,9,9,127.85122886133114,36.87109507795874
S1A_IW_GRDH_1SDV_20240224T093202_20240224T093227_052699_066052_14E8,15328,3019,10,9,127.98283205045465,36.875406991322514
S1A_IW_GRDH_1SDV_20240224T093202_20240224T093227_052699_066052_14E8,5040,3635,9,13,126.1343686903219,36.76437522220534
S1A_IW_GRDH_1SDV_20240224T093202_20240224T093227_052699_066052_14E8,5628,3567,9,10,126.24001056773436,36.7768618046546
S1A_IW_GRDH_1SDV_20240224T093202_20240224T093227_052699_066052_14E8,5627,3593,7,7,126.23965124162072,36.772460059762416
S1A_IW_GRDH_1SDV_20240224T093202_20240224T093227_052699_066052_14E8,5556,3856,7,9,126.22689516458622,36.725029012760906
S1A_IW_GRDH_1SDV_20240224T093202_20240224T093227_052699_066052_14E8,5798,4086,7,8,126.27037362433761,36.68379634121982
S1A_IW_GRDH_1SDV_20240224T093202_20240224T093227_052699_066052_14E8,6106,4019,7,12,126.32570984583937,36.695474439913376
S1A_IW_GRDH_1SDV_20240224T093202_20240224T093227_052699_066052_14E8,5800,4085,5,11,126.27055328739442,36.683706509691405
S1A_IW_GRDH_1SDV_20240224T093202_20240224T093227_052699_066052_14E8,6146,3726,7,9,126.33289636811232,36.748385210148015
S1A_IW_GRDH_1SDV_20240224T093202_20240224T093227_052699_066052_14E8,5951,3806,6,7,126.29777224050325,36.73419182865892
S1A_IW_GRDH_1SDV_20240224T093202_20240224T093227_052699_066052_14E8,6522,3887,10,9,126.40071917206335,36.71945945799936
S1A_IW_GRDH_1SDV_20240224T093202_20240224T093227_052699_066052_14E8,6730,3524,10,12,126.43808908788272,36.78440765304121
S1A_IW_GRDH_1SDV_20240224T093202_20240224T093227_052699_066052_14E8,6585,4114,9,6,126.41194811311485,36.678945438685574
S1A_IW_GRDH_1SDV_20240224T093202_20240224T093227_052699_066052_14E8,6498,3885,8,10,126.39622759564274,36.7197289525846
S1A_IW_GRDH_1SDV_20240224T093202_20240224T093227_052699_066052_14E8,8174,3804,5,13,126.69707338429437,36.7340121656021
S1A_IW_GRDH_1SDV_20240224T093202_20240224T093227_052699_066052_14E8,8174,3804,9,12,126.69743271040802,36.734101997130516
S1A_IW_GRDH_1SDV_20240224T093202_20240224T093227_052699_066052_14E8,8357,3982,8,10,126.73022121827839,36.70230163607268
S1A_IW_GRDH_1SDV_20240224T093202_20240224T093227_052699_066052_14E8,8325,3721,10,9,126.72465166351685,36.74928352543213
S1A_IW_GRDH_1SDV_20240224T093202_20240224T093227_052699_066052_14E8,8345,3535,8,10,126.7280652615965,36.78261102247296
S1A_IW_GRDH_1SDV_20240224T093202_20240224T093227_052699_066052_14E8,8788,3550,9,10,126.80774582729791,36.77991607662061
S1A_IW_GRDH_1SDV_20240224T093202_20240224T093227_052699_066052_14E8,9230,3766,8,10,126.88706706688565,36.74110885634664
S1A_IW_GRDH_1SDV_20240224T093202_20240224T093227_052699_066052_14E8,8755,3664,6,7,126.80154745183748,36.75970398272792
S1A_IW_GRDH_1SDV_20240224T093202_20240224T093227_052699_066052_14E8,10994,3535,8,8,127.20399269912302,36.78279068552979
S1A_IW_GRDH_1SDV_20240224T093202_20240224T093227_052699_066052_14E8,11626,3653,10,10,127.31771941409255,36.761410781767744
S1A_IW_GRDH_1SDV_20240224T093202_20240224T093227_052699_066052_14E8,11861,4014,10,13,127.35994023244618,36.69628292366908
S1A_IW_GRDH_1SDV_20240224T093202_20240224T093227_052699_066052_14E8,12718,3765,7,9,127.51364197755902,36.74137835093188
S1A_IW_GRDH_1SDV_20240224T093202_20240224T093227_052699_066052_14E8,14820,3520,10,11,127.8915632175881,36.78521613679691
S1A_IW_GRDH_1SDV_20240224T093202_20240224T093227_052699_066052_14E8,750,4136,9,17,125.36361417654736,36.67400470462292
S1A_IW_GRDH_1SDV_20240224T093202_20240224T093227_052699_066052_14E8,3930,4631,7,15,125.93476303419055,36.585251154551905
S1A_IW_GRDH_1SDV_20240224T093202_20240224T093227_052699_066052_14E8,5378,4121,9,10,126.19509480352839,36.67732847117416
S1A_IW_GRDH_1SDV_20240224T093202_20240224T093227_052699_066052_14E8,5798,4085,6,8,126.2702837928092,36.683976004276644
S1A_IW_GRDH_1SDV_20240224T093202_20240224T093227_052699_066052_14E8,5800,4084,5,11,126.27055328739442,36.68388617274823
S1A_IW_GRDH_1SDV_20240224T093202_20240224T093227_052699_066052_14E8,5954,4179,8,10,126.29849089273054,36.66690801387837
S1A_IW_GRDH_1SDV_20240224T093202_20240224T093227_052699_066052_14E8,6386,4320,9,13,126.37619516480689,36.641306028280965
S1A_IW_GRDH_1SDV_20240224T093202_20240224T093227_052699_066052_14E8,7013,4258,6,9,126.48857440685023,36.6528044639177
S1A_IW_GRDH_1SDV_20240224T093202_20240224T093227_052699_066052_14E8,6613,4139,7,8,126.41679901564909,36.67427419920815
S1A_IW_GRDH_1SDV_20240224T093202_20240224T093227_052699_066052_14E8,6921,4312,9,11,126.47231490020768,36.64292299579238
S1A_IW_GRDH_1SDV_20240224T093202_20240224T093227_052699_066052_14E8,7377,4181,8,8,126.55415142259096,36.66672835082155
S1A_IW_GRDH_1SDV_20240224T093202_20240224T093227_052699_066052_14E8,7924,4356,9,10,126.65251694620204,36.635107652820544
S1A_IW_GRDH_1SDV_20240224T093202_20240224T093227_052699_066052_14E8,7709,4355,7,7,126.61370972592809,36.6355568104626
S1A_IW_GRDH_1SDV_20240224T093202_20240224T093227_052699_066052_14E8,8169,4429,6,7,126.69626490053867,36.622261744257635
S1A_IW_GRDH_1SDV_20240224T093202_20240224T093227_052699_066052_14E8,8123,4328,6,11,126.68800039992477,36.6400483868832
S1A_IW_GRDH_1SDV_20240224T093202_20240224T093227_052699_066052_14E8,9131,4394,7,8,126.86919059273167,36.628460119718056
S1A_IW_GRDH_1SDV_20240224T093202_20240224T093227_052699_066052_14E8,10925,4458,10,12,127.19177561125899,36.61660235796768
S1A_IW_GRDH_1SDV_20240224T093202_20240224T093227_052699_066052_14E8,11378,4443,11,12,127.27325280752864,36.61929730382004
S1A_IW_GRDH_1SDV_20240224T093202_20240224T093227_052699_066052_14E8,11991,4442,9,10,127.38320659830487,36.61965662993369
S1A_IW_GRDH_1SDV_20240224T093202_20240224T093227_052699_066052_14E8,14189,4250,10,11,127.77819582873222,36.65406210531546
S1A_IW_GRDH_1SDV_20240224T093202_20240224T093227_052699_066052_14E8,3905,4972,7,15,125.93027145776995,36.523986052174955
S1A_IW_GRDH_1SDV_20240224T093202_20240224T093227_052699_066052_14E8,6168,5208,7,10,126.33684895536244,36.482034728406575
S1A_IW_GRDH_1SDV_20240224T093202_20240224T093227_052699_066052_14E8,6162,5109,6,11,126.3356811454931,36.49973153950373
S1A_IW_GRDH_1SDV_20240224T093202_20240224T093227_052699_066052_14E8,6981,5012,7,12,126.48291502056028,36.517069024487235
S1A_IW_GRDH_1SDV_20240224T093202_20240224T093227_052699_066052_14E8,7375,5231,8,8,126.55379209647731,36.47808214115645
S1A_IW_GRDH_1SDV_20240224T093202_20240224T093227_052699_066052_14E8,7152,4847,10,9,126.51390689786241,36.54698292344842
S1A_IW_GRDH_1SDV_20240224T093202_20240224T093227_052699_066052_14E8,7239,5206,6,8,126.52917825769244,36.48257371757705
S1A_IW_GRDH_1SDV_20240224T093202_20240224T093227_052699_066052_14E8,7981,4965,9,10,126.66275774044101,36.525692851214785
S1A_IW_GRDH_1SDV_20240224T093202_20240224T093227_052699_066052_14E8,8017,4735,8,10,126.66913577895826,36.56701535428428
S1A_IW_GRDH_1SDV_20240224T093202_20240224T093227_052699_066052_14E8,7886,5007,7,8,126.64551008698592,36.518326665885006
S1A_IW_GRDH_1SDV_20240224T093202_20240224T093227_052699_066052_14E8,8036,5023,9,8,126.67263920856632,36.51545205697582
S1A_IW_GRDH_1SDV_20240224T093202_20240224T093227_052699_066052_14E8,8567,5119,7,9,126.767860628683,36.49811457199232
S1A_IW_GRDH_1SDV_20240224T093202_20240224T093227_052699_066052_14E8,11472,5133,10,13,127.29005130334167,36.49523996308313
S1A_IW_GRDH_1SDV_20240224T093202_20240224T093227_052699_066052_14E8,11266,4911,8,9,127.25286105057913,36.53548448781169
S1A_IW_GRDH_1SDV_20240224T093202_20240224T093227_052699_066052_14E8,11377,5171,8,12,127.27280364988658,36.488502598452236
S1A_IW_GRDH_1SDV_20240224T093202_20240224T093227_052699_066052_14E8,12983,4846,9,10,127.56143235067418,36.54707275497683
S1A_IW_GRDH_1SDV_20240224T093202_20240224T093227_052699_066052_14E8,16442,5193,7,9,128.18270720117124,36.48481950578734
S1A_IW_GRDH_1SDV_20240224T093202_20240224T093227_052699_066052_14E8,7529,5298,8,10,126.58146020722819,36.465865053292426
S1A_IW_GRDH_1SDV_20240224T093202_20240224T093227_052699_066052_14E8,12521,5780,8,10,127.47833818689313,36.3792674599033
S1A_IW_GRDH_1SDV_20240224T093202_20240224T093227_052699_066052_14E8,14066,5511,9,12,127.75600744121446,36.427417159132105
S1A_IW_GRDH_1SDV_20240224T093202_20240224T093227_052699_066052_14E8,15224,5706,9,9,127.96405726101655,36.392652357636685
S1A_IW_GRDH_1SDV_20240224T093202_20240224T093227_052699_066052_14E8,16279,5853,10,6,128.1536916174942,36.36651138286881
S1A_IW_GRDH_1SDV_20240224T093202_20240224T093227_052699_066052_14E8,6111,6075,6,14,126.32651832959507,36.325907532026605
S1A_IW_GRDH_1SDV_20240224T093202_20240224T093227_052699_066052_14E8,6814,6253,8,15,126.4530011215991,36.29383767638353
S1A_IW_GRDH_1SDV_20240224T093202_20240224T093227_052699_066052_14E8,7583,6248,9,11,126.59125184382509,36.2950953177813
S1A_IW_GRDH_1SDV_20240224T093202_20240224T093227_052699_066052_14E8,9788,6031,12,11,126.98767837870705,36.33408220111209
S1A_IW_GRDH_1SDV_20240224T093202_20240224T093227_052699_066052_14E8,9640,6237,8,9,126.96072892018346,36.29725127446319
S1A_IW_GRDH_1SDV_20240224T093202_20240224T093227_052699_066052_14E8,9581,6062,9,10,126.95021863135926,36.32860247787896
S1A_IW_GRDH_1SDV_20240224T093202_20240224T093227_052699_066052_14E8,10269,6389,9,11,127.07382681445411,36.26976282676913
S1A_IW_GRDH_1SDV_20240224T093202_20240224T093227_052699_066052_14E8,10657,6045,7,9,127.14335641744495,36.33174658137338
S1A_IW_GRDH_1SDV_20240224T093202_20240224T093227_052699_066052_14E8,14669,6366,7,8,127.86416460142246,36.274164571661316
S1A_IW_GRDH_1SDV_20240224T093202_20240224T093227_052699_066052_14E8,15114,5935,7,8,127.9441146617091,36.35159934915242
S1A_IW_GRDH_1SDV_20240224T093202_20240224T093227_052699_066052_14E8,15113,5935,8,9,127.94402483018068,36.35150951762401
S1A_IW_GRDH_1SDV_20240224T093202_20240224T093227_052699_066052_14E8,15121,5887,7,9,127.94537230310686,36.36013334435155
S1A_IW_GRDH_1SDV_20240224T093202_20240224T093227_052699_066052_14E8,15835,6311,8,11,128.07374155720754,36.2837765452014
S1A_IW_GRDH_1SDV_20240224T093202_20240224T093227_052699_066052_14E8,16121,6131,10,12,128.125304854516,36.31602606390129
S1A_IW_GRDH_1SDV_20240224T093202_20240224T093227_052699_066052_14E8,15821,6209,6,8,128.07104661135517,36.30237167158267
S1A_IW_GRDH_1SDV_20240224T093202_20240224T093227_052699_066052_14E8,3520,6910,9,20,125.86128084394957,36.17534989040817
S1A_IW_GRDH_1SDV_20240224T093202_20240224T093227_052699_066052_14E8,3519,6909,9,20,125.86110118089275,36.175529553465
S1A_IW_GRDH_1SDV_20240224T093202_20240224T093227_052699_066052_14E8,7701,6426,7,10,126.61227242147349,36.26320512519506
S1A_IW_GRDH_1SDV_20240224T093202_20240224T093227_052699_066052_14E8,8997,6508,9,12,126.8452954061741,36.24829309147867
S1A_IW_GRDH_1SDV_20240224T093202_20240224T093227_052699_066052_14E8,9019,6932,9,12,126.84924799342423,36.17211595538534
S1A_IW_GRDH_1SDV_20240224T093202_20240224T093227_052699_066052_14E8,9164,6528,9,10,126.87529913666368,36.24487949339902
S1A_IW_GRDH_1SDV_20240224T093202_20240224T093227_052699_066052_14E8,9298,6883,9,9,126.89937398627809,36.181188939754946
S1A_IW_GRDH_1SDV_20240224T093202_20240224T093227_052699_066052_14E8,9800,6689,9,11,126.9895648408037,36.21586390972196
S1A_IW_GRDH_1SDV_20240224T093202_20240224T093227_052699_066052_14E8,9805,6752,12,12,126.99073265067305,36.20445530561364
S1A_IW_GRDH_1SDV_20240224T093202_20240224T093227_052699_066052_14E8,9296,6883,10,9,126.89910449169285,36.181188939754946
S1A_IW_GRDH_1SDV_20240224T093202_20240224T093227_052699_066052_14E8,9751,6707,7,9,126.9805816879625,36.21280963775595
S1A_IW_GRDH_1SDV_20240224T093202_20240224T093227_052699_066052_14E8,9949,6720,9,10,127.01633463627046,36.21038418648883
S1A_IW_GRDH_1SDV_20240224T093202_20240224T093227_052699_066052_14E8,10269,6388,9,12,127.07382681445411,36.269852658297545
S1A_IW_GRDH_1SDV_20240224T093202_20240224T093227_052699_066052_14E8,10228,6492,7,7,127.0662809660675,36.25161685802992
S1A_IW_GRDH_1SDV_20240224T093202_20240224T093227_052699_066052_14E8,11013,6704,10,12,127.2075859602595,36.21307913234119
S1A_IW_GRDH_1SDV_20240224T093202_20240224T093227_052699_066052_14E8,15377,6682,6,8,127.99127621412536,36.217391045704964
S1A_IW_GRDH_1SDV_20240224T093202_20240224T093227_052699_066052_14E8,16065,6866,13,13,128.1155132179191,36.18388388560731
S1A_IW_GRDH_1SDV_20240224T093202_20240224T093227_052699_066052_14E8,3372,7155,8,18,125.83460088001122,36.131512104543134
S1A_IW_GRDH_1SDV_20240224T093202_20240224T093227_052699_066052_14E8,7279,7000,7,8,126.53645461149381,36.16025819363496
S1A_IW_GRDH_1SDV_20240224T093202_20240224T093227_052699_066052_14E8,7762,7008,10,11,126.62350136252499,36.158551394595136
S1A_IW_GRDH_1SDV_20240224T093202_20240224T093227_052699_066052_14E8,8221,7261,10,10,126.70596670560715,36.1131864727471
S1A_IW_GRDH_1SDV_20240224T093202_20240224T093227_052699_066052_14E8,8509,7581,9,13,126.75761983444403,36.05542479997821
S1A_IW_GRDH_1SDV_20240224T093202_20240224T093227_052699_066052_14E8,8763,7594,9,5,126.8032542508773,36.0538078324668
S1A_IW_GRDH_1SDV_20240224T093202_20240224T093227_052699_066052_14E8,8827,7551,9,10,126.81475268651403,36.06108418626817
S1A_IW_GRDH_1SDV_20240224T093202_20240224T093227_052699_066052_14E8,9995,7457,9,10,127.02459913688435,36.077972513609616
S1A_IW_GRDH_1SDV_20240224T093202_20240224T093227_052699_066052_14E8,10211,7290,6,8,127.06313686257307,36.10815590715603
S1A_IW_GRDH_1SDV_20240224T093202_20240224T093227_052699_066052_14E8,10081,7527,9,10,127.04005015977121,36.06539609963194
S1A_IW_GRDH_1SDV_20240224T093202_20240224T093227_052699_066052_14E8,10025,7251,12,12,127.03025852317431,36.11480344025851
S1A_IW_GRDH_1SDV_20240224T093202_20240224T093227_052699_066052_14E8,10535,7080,8,9,127.12152735604084,36.14579531756064
S1A_IW_GRDH_1SDV_20240224T093202_20240224T093227_052699_066052_14E8,12231,7078,7,9,127.42614606888579,36.146154643674286
S1A_IW_GRDH_1SDV_20240224T093202_20240224T093227_052699_066052_14E8,12481,7176,9,8,127.47124149614858,36.12863749563395
S1A_IW_GRDH_1SDV_20240224T093202_20240224T093227_052699_066052_14E8,12822,7533,9,10,127.53250659852553,36.064318121290995
S1A_IW_GRDH_1SDV_20240224T093202_20240224T093227_052699_066052_14E8,8393,7805,7,8,126.73659925679563,36.01562943289172
S1A_IW_GRDH_1SDV_20240224T093202_20240224T093227_052699_066052_14E8,9222,8101,8,9,126.88562976243107,35.96235933654343
S1A_IW_GRDH_1SDV_20240224T093202_20240224T093227_052699_066052_14E8,8997,8067,9,9,126.8452954061741,35.968467880475444
S1A_IW_GRDH_1SDV_20240224T093202_20240224T093227_052699_066052_14E8,8827,7553,10,9,126.81484251804244,36.06081469168293
S1A_IW_GRDH_1SDV_20240224T093202_20240224T093227_052699_066052_14E8,9115,8157,10,8,126.86658547840773,35.95238803688971
S1A_IW_GRDH_1SDV_20240224T093202_20240224T093227_052699_066052_14E8,9870,7733,9,10,127.00214125478136,36.02838550992622
S1A_IW_GRDH_1SDV_20240224T093202_20240224T093227_052699_066052_14E8,10684,7988,11,11,127.14856664609285,35.98248159890771
S1A_IW_GRDH_1SDV_20240224T093202_20240224T093227_052699_066052_14E8,7498,8436,7,13,126.57580082093824,35.90181288639378
S1A_IW_GRDH_1SDV_20240224T093202_20240224T093227_052699_066052_14E8,7970,8464,10,10,126.66087127834436,35.89705181538794
S1A_IW_GRDH_1SDV_20240224T093202_20240224T093227_052699_066052_14E8,7709,8196,8,12,126.6137995574565,35.94502185155992
S1A_IW_GRDH_1SDV_20240224T093202_20240224T093227_052699_066052_14E8,7701,8429,5,11,126.61209275841667,35.90325019084837
S1A_IW_GRDH_1SDV_20240224T093202_20240224T093227_052699_066052_14E8,7628,8221,7,9,126.59915701832534,35.94079976972456
S1A_IW_GRDH_1SDV_20240224T093202_20240224T093227_052699_066052_14E8,8938,8688,6,8,126.83442579123626,35.85698695371621
S1A_IW_GRDH_1SDV_20240224T093202_20240224T093227_052699_066052_14E8,9148,8600,7,9,126.87224486469768,35.872707471188306
S1A_IW_GRDH_1SDV_20240224T093202_20240224T093227_052699_066052_14E8,9322,8345,8,9,126.90359606811346,35.9185215506784
S1A_IW_GRDH_1SDV_20240224T093202_20240224T093227_052699_066052_14E8,8923,8216,6,7,126.83173084538389,35.94187774806551
S1A_IW_GRDH_1SDV_20240224T093202_20240224T093227_052699_066052_14E8,8939,8225,7,8,126.83469528582148,35.94017094902568
S1A_IW_GRDH_1SDV_20240224T093202_20240224T093227_052699_066052_14E8,9470,8533,7,8,126.93009636899498,35.884834727523916
S1A_IW_GRDH_1SDV_20240224T093202_20240224T093227_052699_066052_14E8,10251,8752,11,7,127.0707725424881,35.84557834960789
S1A_IW_GRDH_1SDV_20240224T093202_20240224T093227_052699_066052_14E8,10309,8177,9,8,127.08101333672705,35.94879477575323
S1A_IW_GRDH_1SDV_20240224T093202_20240224T093227_052699_066052_14E8,10010,8614,8,8,127.0272042512083,35.87028201992118
S1A_IW_GRDH_1SDV_20240224T093202_20240224T093227_052699_066052_14E8,10445,8504,8,9,127.1053576809267,35.8899551246434
S1A_IW_GRDH_1SDV_20240224T093202_20240224T093227_052699_066052_14E8,10886,8414,6,8,127.18440942592922,35.90621463128596
S1A_IW_GRDH_1SDV_20240224T093202_20240224T093227_052699_066052_14E8,13556,8272,9,9,127.66437928223428,35.93163695382654
S1A_IW_GRDH_1SDV_20240224T093202_20240224T093227_052699_066052_14E8,16766,8223,8,8,128.2410078631106,35.94053027513933
S1A_IW_GRDH_1SDV_20240224T093202_20240224T093227_052699_066052_14E8,8727,9076,9,9,126.79678638083165,35.78718785614012
S1A_IW_GRDH_1SDV_20240224T093202_20240224T093227_052699_066052_14E8,8392,9188,8,10,126.73650942526723,35.766975762247434
S1A_IW_GRDH_1SDV_20240224T093202_20240224T093227_052699_066052_14E8,8321,9205,7,7,126.72366351670432,35.764190984866666
S1A_IW_GRDH_1SDV_20240224T093202_20240224T093227_052699_066052_14E8,9003,9059,7,8,126.84619372145822,35.79033195963454
S1A_IW_GRDH_1SDV_20240224T093202_20240224T093227_052699_066052_14E8,8934,8869,7,8,126.83379697053736,35.824467940431084
S1A_IW_GRDH_1SDV_20240224T093202_20240224T093227_052699_066052_14E8,9352,9323,10,13,126.909165622875,35.742451754990974
S1A_IW_GRDH_1SDV_20240224T093202_20240224T093227_052699_066052_14E8,9481,8797,8,10,126.93216249414846,35.83722401746558
S1A_IW_GRDH_1SDV_20240224T093202_20240224T093227_052699_066052_14E8,9863,8963,9,9,127.00088361338359,35.80748978156122
S1A_IW_GRDH_1SDV_20240224T093202_20240224T093227_052699_066052_14E8,9448,9202,8,9,126.92623361327327,35.76455031098031
S1A_IW_GRDH_1SDV_20240224T093202_20240224T093227_052699_066052_14E8,9375,9084,11,11,126.91338770471036,35.78557088862871
S1A_IW_GRDH_1SDV_20240224T093202_20240224T093227_052699_066052_14E8,9864,8962,10,11,127.00115310796883,35.80748978156122
S1A_IW_GRDH_1SDV_20240224T093202_20240224T093227_052699_066052_14E8,10791,8987,9,10,127.16761093011618,35.80308803666904
S1A_IW_GRDH_1SDV_20240224T093202_20240224T093227_052699_066052_14E8,12315,8931,7,11,127.44123776565898,35.813059336322766
S1A_IW_GRDH_1SDV_20240224T093202_20240224T093227_052699_066052_14E8,7682,9418,6,7,126.60876899186543,35.72592275376317
S1A_IW_GRDH_1SDV_20240224T093202_20240224T093227_052699_066052_14E8,8318,9576,10,11,126.72339402211908,35.697176664671346
S1A_IW_GRDH_1SDV_20240224T093202_20240224T093227_052699_066052_14E8,8201,9441,8,8,126.70219378141385,35.72170067192781
S1A_IW_GRDH_1SDV_20240224T093202_20240224T093227_052699_066052_14E8,9352,9324,10,12,126.909165622875,35.74236192346256
S1A_IW_GRDH_1SDV_20240224T093202_20240224T093227_052699_066052_14E8,9423,9373,7,10,126.92165220532425,35.73373809673501
