ImageName,X,Y,W,H,Lon,Lat
S1A_IW_GRDH_1SDV_20190109T093135_20190109T093200_025399_02D02B_A625,13289,605,6,10,127.61691190436878,37.30877196860075
S1A_IW_GRDH_1SDV_20190109T093135_20190109T093200_025399_02D02B_A625,13775,446,7,10,127.7043179815136,37.33733839463575
S1A_IW_GRDH_1SDV_20190109T093135_20190109T093200_025399_02D02B_A625,14617,272,10,10,127.85586376994456,37.36859976652311
S1A_IW_GRDH_1SDV_20190109T093135_20190109T093200_025399_02D02B_A625,14714,528,8,11,127.87311142339966,37.32251619244778
S1A_IW_GRDH_1SDV_20190109T093135_20190109T093200_025399_02D02B_A625,14690,145,8,10,127.86879951003588,37.39141697473974
S1A_IW_GRDH_1SDV_20190109T093135_20190109T093200_025399_02D02B_A625,15464,313,8,8,128.00785871601758,37.36141324425015
S1A_IW_GRDH_1SDV_20190109T093135_20190109T093200_025399_02D02B_A625,13256,1151,8,12,127.6111626865504,37.21049627651807
S1A_IW_GRDH_1SDV_20190109T093135_20190109T093200_025399_02D02B_A625,13168,1131,7,11,127.59526250602148,37.214179369182965
S1A_IW_GRDH_1SDV_20190109T093135_20190109T093200_025399_02D02B_A625,13844,875,8,10,127.71680456396287,37.2602629432583
S1A_IW_GRDH_1SDV_20190109T093135_20190109T093200_025399_02D02B_A625,14524,868,6,8,127.83879577954629,37.26170024771289
S1A_IW_GRDH_1SDV_20190109T093135_20190109T093200_025399_02D02B_A625,15786,1174,9,8,128.0658000518433,37.20672335232477
S1A_IW_GRDH_1SDV_20190109T093135_20190109T093200_025399_02D02B_A625,6160,1492,10,16,126.33645329838481,37.148871848027476
S1A_IW_GRDH_1SDV_20190109T093135_20190109T093200_025399_02D02B_A625,6145,1740,10,16,126.33375835253244,37.10431540993515
S1A_IW_GRDH_1SDV_20190109T093135_20190109T093200_025399_02D02B_A625,7056,1477,7,11,126.49716190271378,37.15201595152189
S1A_IW_GRDH_1SDV_20190109T093135_20190109T093200_025399_02D02B_A625,7077,1503,9,13,126.50111448996391,37.147165048987645
S1A_IW_GRDH_1SDV_20190109T093135_20190109T093200_025399_02D02B_A625,8069,1524,8,12,126.67925041080481,37.14348195632276
S1A_IW_GRDH_1SDV_20190109T093135_20190109T093200_025399_02D02B_A625,8159,1617,6,8,126.69524042286214,37.127132618151784
S1A_IW_GRDH_1SDV_20190109T093135_20190109T093200_025399_02D02B_A625,11138,1592,9,9,127.23072616372579,37.13153436304397
S1A_IW_GRDH_1SDV_20190109T093135_20190109T093200_025399_02D02B_A625,11308,1558,10,10,127.26135871491427,37.13755307544757
S1A_IW_GRDH_1SDV_20190109T093135_20190109T093200_025399_02D02B_A625,11848,1437,10,12,127.35837676559917,37.159112642266436
S1A_IW_GRDH_1SDV_20190109T093135_20190109T093200_025399_02D02B_A625,12290,1517,8,10,127.43760817365852,37.14491926077735
S1A_IW_GRDH_1SDV_20190109T093135_20190109T093200_025399_02D02B_A625,12420,1664,8,9,127.46096437104562,37.118598622952646
S1A_IW_GRDH_1SDV_20190109T093135_20190109T093200_025399_02D02B_A625,12874,1476,8,11,127.54253139884368,37.152195614578716
S1A_IW_GRDH_1SDV_20190109T093135_20190109T093200_025399_02D02B_A625,13394,1445,5,12,127.63568669380687,37.157675337811845
S1A_IW_GRDH_1SDV_20190109T093135_20190109T093200_025399_02D02B_A625,13972,1693,7,12,127.73971160370792,37.11311889971952
S1A_IW_GRDH_1SDV_20190109T093135_20190109T093200_025399_02D02B_A625,15286,1369,7,9,127.97578886037452,37.1715992247157
S1A_IW_GRDH_1SDV_20190109T093135_20190109T093200_025399_02D02B_A625,15786,1174,9,9,128.0658000518433,37.20663352079636
S1A_IW_GRDH_1SDV_20190109T093135_20190109T093200_025399_02D02B_A625,5274,1864,6,16,126.17691250392518,37.08203719088898
S1A_IW_GRDH_1SDV_20190109T093135_20190109T093200_025399_02D02B_A625,5040,2168,9,17,126.13514084321362,37.0273297900861
S1A_IW_GRDH_1SDV_20190109T093135_20190109T093200_025399_02D02B_A625,5142,2160,9,16,126.15346647500967,37.0288569260691
S1A_IW_GRDH_1SDV_20190109T093135_20190109T093200_025399_02D02B_A625,5169,1984,9,15,126.15831737754391,37.06056745559852
S1A_IW_GRDH_1SDV_20190109T093135_20190109T093200_025399_02D02B_A625,5133,2237,9,19,126.15184950749824,37.01475337610843
S1A_IW_GRDH_1SDV_20190109T093135_20190109T093200_025399_02D02B_A625,4762,2170,8,14,126.08510468188817,37.02723995855769
S1A_IW_GRDH_1SDV_20190109T093135_20190109T093200_025399_02D02B_A625,5217,2265,7,12,126.16676154121463,37.010351631216245
S1A_IW_GRDH_1SDV_20190109T093135_20190109T093200_025399_02D02B_A625,4918,2286,8,17,126.11313211875269,37.00612954938088
S1A_IW_GRDH_1SDV_20190109T093135_20190109T093200_025399_02D02B_A625,5089,2029,9,18,126.14394433299799,37.05221312345621
S1A_IW_GRDH_1SDV_20190109T093135_20190109T093200_025399_02D02B_A625,5474,1849,8,12,126.21302477834678,37.08509146285499
S1A_IW_GRDH_1SDV_20190109T093135_20190109T093200_025399_02D02B_A625,5274,1863,12,16,126.17745149309565,37.0822168539458
S1A_IW_GRDH_1SDV_20190109T093135_20190109T093200_025399_02D02B_A625,5408,2286,10,17,126.20134667965323,37.00612954938088
S1A_IW_GRDH_1SDV_20190109T093135_20190109T093200_025399_02D02B_A625,5817,2321,11,14,126.27491870142262,37.00011083697728
S1A_IW_GRDH_1SDV_20190109T093135_20190109T093200_025399_02D02B_A625,5446,1993,9,13,126.20808404428412,37.05913015114393
S1A_IW_GRDH_1SDV_20190109T093135_20190109T093200_025399_02D02B_A625,5394,1896,10,14,126.1988313968577,37.07646763612744
S1A_IW_GRDH_1SDV_20190109T093135_20190109T093200_025399_02D02B_A625,5521,2153,9,14,126.22155877354592,37.030294230523694
S1A_IW_GRDH_1SDV_20190109T093135_20190109T093200_025399_02D02B_A625,5220,2264,4,13,126.16703103579987,37.01044146274465
S1A_IW_GRDH_1SDV_20190109T093135_20190109T093200_025399_02D02B_A625,5390,2154,8,13,126.19793308157358,37.03020439899529
S1A_IW_GRDH_1SDV_20190109T093135_20190109T093200_025399_02D02B_A625,5942,2211,11,13,126.2973765835256,37.01996360475632
S1A_IW_GRDH_1SDV_20190109T093135_20190109T093200_025399_02D02B_A625,6065,2138,8,13,126.31920564492971,37.03307900790447
S1A_IW_GRDH_1SDV_20190109T093135_20190109T093200_025399_02D02B_A625,5815,2321,12,14,126.27464920683738,37.00011083697728
S1A_IW_GRDH_1SDV_20190109T093135_20190109T093200_025399_02D02B_A625,6531,2088,6,11,126.40274896635283,37.042241823802485
S1A_IW_GRDH_1SDV_20190109T093135_20190109T093200_025399_02D02B_A625,7157,2083,9,14,126.51548753450983,37.04287064450137
S1A_IW_GRDH_1SDV_20190109T093135_20190109T093200_025399_02D02B_A625,8513,2354,7,9,126.75893097650622,36.99463111374415
S1A_IW_GRDH_1SDV_20190109T093135_20190109T093200_025399_02D02B_A625,9254,2035,7,9,126.89206130161273,37.05194362887098
S1A_IW_GRDH_1SDV_20190109T093135_20190109T093200_025399_02D02B_A625,9897,2242,7,8,127.0075846471505,37.014843207636844
S1A_IW_GRDH_1SDV_20190109T093135_20190109T093200_025399_02D02B_A625,9383,1754,7,10,126.91523783594302,37.102339116310084
S1A_IW_GRDH_1SDV_20190109T093135_20190109T093200_025399_02D02B_A625,9925,2227,7,7,127.01261521274157,37.01762798501761
S1A_IW_GRDH_1SDV_20190109T093135_20190109T093200_025399_02D02B_A625,10775,2149,8,7,127.1654186425703,37.03164170344988
S1A_IW_GRDH_1SDV_20190109T093135_20190109T093200_025399_02D02B_A625,11252,2050,8,8,127.2511179206753,37.04933851454703
S1A_IW_GRDH_1SDV_20190109T093135_20190109T093200_025399_02D02B_A625,11672,2050,6,7,127.32639674148452,37.049428346075445
S1A_IW_GRDH_1SDV_20190109T093135_20190109T093200_025399_02D02B_A625,13094,2185,8,11,127.58205727134494,37.024814507290564
S1A_IW_GRDH_1SDV_20190109T093135_20190109T093200_025399_02D02B_A625,13245,1746,7,10,127.60909656139694,37.103776420764675
S1A_IW_GRDH_1SDV_20190109T093135_20190109T093200_025399_02D02B_A625,14229,2156,10,9,127.7861545038969,37.03020439899529
S1A_IW_GRDH_1SDV_20190109T093135_20190109T093200_025399_02D02B_A625,14433,2122,8,8,127.82262610443215,37.03640277445571
S1A_IW_GRDH_1SDV_20190109T093135_20190109T093200_025399_02D02B_A625,14829,2124,7,9,127.893682843406,37.03595361681365
S1A_IW_GRDH_1SDV_20190109T093135_20190109T093200_025399_02D02B_A625,15081,2053,6,9,127.9388681021972,37.048709693848146
S1A_IW_GRDH_1SDV_20190109T093135_20190109T093200_025399_02D02B_A625,950,2739,8,17,125.40022910927544,36.924742184639655
S1A_IW_GRDH_1SDV_20190109T093135_20190109T093200_025399_02D02B_A625,2011,2478,7,12,125.59076178103719,36.97208340011275
S1A_IW_GRDH_1SDV_20190109T093135_20190109T093200_025399_02D02B_A625,2986,2856,9,21,125.76611292449732,36.90336228087761
S1A_IW_GRDH_1SDV_20190109T093135_20190109T093200_025399_02D02B_A625,4467,2677,6,13,126.03192441706828,36.93624062027638
S1A_IW_GRDH_1SDV_20190109T093135_20190109T093200_025399_02D02B_A625,5817,2322,11,14,126.27491870142262,36.99993117392046
S1A_IW_GRDH_1SDV_20190109T093135_20190109T093200_025399_02D02B_A625,5945,2567,7,9,126.29755624658243,36.95636288264066
S1A_IW_GRDH_1SDV_20190109T093135_20190109T093200_025399_02D02B_A625,5815,2322,11,14,126.27455937530897,36.99993117392046
S1A_IW_GRDH_1SDV_20190109T093135_20190109T093200_025399_02D02B_A625,6660,2511,8,10,126.42610516373993,36.96633418229439
S1A_IW_GRDH_1SDV_20190109T093135_20190109T093200_025399_02D02B_A625,7802,2478,8,11,126.63128037463284,36.972173231641165
S1A_IW_GRDH_1SDV_20190109T093135_20190109T093200_025399_02D02B_A625,8405,2955,10,5,126.73979686095447,36.88701294270663
S1A_IW_GRDH_1SDV_20190109T093135_20190109T093200_025399_02D02B_A625,8280,2648,7,9,126.71706948426625,36.94181017503792
S1A_IW_GRDH_1SDV_20190109T093135_20190109T093200_025399_02D02B_A625,8789,2863,7,7,126.80851798018962,36.90336228087761
S1A_IW_GRDH_1SDV_20190109T093135_20190109T093200_025399_02D02B_A625,8804,2944,7,7,126.81121292604197,36.88880957327487
S1A_IW_GRDH_1SDV_20190109T093135_20190109T093200_025399_02D02B_A625,9862,2863,9,11,127.0014761032185,36.90300295476396
S1A_IW_GRDH_1SDV_20190109T093135_20190109T093200_025399_02D02B_A625,9911,2752,6,10,127.01001009841762,36.923035385599825
S1A_IW_GRDH_1SDV_20190109T093135_20190109T093200_025399_02D02B_A625,9862,2861,8,14,127.00138627169008,36.90309278629237
S1A_IW_GRDH_1SDV_20190109T093135_20190109T093200_025399_02D02B_A625,11048,2621,8,11,127.21446665708322,36.94648141451535
S1A_IW_GRDH_1SDV_20190109T093135_20190109T093200_025399_02D02B_A625,11321,2520,8,11,127.26351467159616,36.96462738325456
S1A_IW_GRDH_1SDV_20190109T093135_20190109T093200_025399_02D02B_A625,11730,2661,7,9,127.33690703030872,36.93947455529921
S1A_IW_GRDH_1SDV_20190109T093135_20190109T093200_025399_02D02B_A625,13088,2447,8,10,127.58097929300399,36.977832617931114
S1A_IW_GRDH_1SDV_20190109T093135_20190109T093200_025399_02D02B_A625,13086,2608,11,11,127.58088946147558,36.948817034254056
S1A_IW_GRDH_1SDV_20190109T093135_20190109T093200_025399_02D02B_A625,13313,2333,9,9,127.62149331231778,36.998404037937455
S1A_IW_GRDH_1SDV_20190109T093135_20190109T093200_025399_02D02B_A625,13033,2512,8,12,127.57109782487868,36.965974856180736
S1A_IW_GRDH_1SDV_20190109T093135_20190109T093200_025399_02D02B_A625,13835,2614,6,10,127.71500793339462,36.947828887441524
S1A_IW_GRDH_1SDV_20190109T093135_20190109T093200_025399_02D02B_A625,14578,2652,8,11,127.8486772476716,36.940911859753804
S1A_IW_GRDH_1SDV_20190109T093135_20190109T093200_025399_02D02B_A625,1893,3168,9,19,125.56974120338879,36.847487070205375
S1A_IW_GRDH_1SDV_20190109T093135_20190109T093200_025399_02D02B_A625,2115,3411,8,22,125.60953657047529,36.80355945281193
S1A_IW_GRDH_1SDV_20190109T093135_20190109T093200_025399_02D02B_A625,1987,3260,8,20,125.58653969920182,36.83086823744916
S1A_IW_GRDH_1SDV_20190109T093135_20190109T093200_025399_02D02B_A625,2744,2960,8,19,125.72254463321752,36.884856986024744
S1A_IW_GRDH_1SDV_20190109T093135_20190109T093200_025399_02D02B_A625,2566,3264,7,15,125.69047477757445,36.83059874286393
S1A_IW_GRDH_1SDV_20190109T093135_20190109T093200_025399_02D02B_A625,2909,3278,8,16,125.75218903759347,36.82799362853998
S1A_IW_GRDH_1SDV_20190109T093135_20190109T093200_025399_02D02B_A625,2910,3278,8,16,125.7523687006503,36.82799362853998
S1A_IW_GRDH_1SDV_20190109T093135_20190109T093200_025399_02D02B_A625,4728,3136,7,14,126.07890630642774,36.853685445665796
S1A_IW_GRDH_1SDV_20190109T093135_20190109T093200_025399_02D02B_A625,5667,3371,10,13,126.24787941137062,36.81155445884059
S1A_IW_GRDH_1SDV_20190109T093135_20190109T093200_025399_02D02B_A625,5561,3156,8,10,126.22865546429047,36.85045151064297
S1A_IW_GRDH_1SDV_20190109T093135_20190109T093200_025399_02D02B_A625,5855,3341,8,8,126.28147640299669,36.81739350818737
S1A_IW_GRDH_1SDV_20190109T093135_20190109T093200_025399_02D02B_A625,6508,3533,7,6,126.39870654757429,36.783077864334004
S1A_IW_GRDH_1SDV_20190109T093135_20190109T093200_025399_02D02B_A625,7160,3469,7,8,126.51584686062347,36.79439663691391
S1A_IW_GRDH_1SDV_20190109T093135_20190109T093200_025399_02D02B_A625,7421,3197,7,9,126.56273891845451,36.8431751568416
S1A_IW_GRDH_1SDV_20190109T093135_20190109T093200_025399_02D02B_A625,7509,3412,9,10,126.57872893051184,36.80445776809605
S1A_IW_GRDH_1SDV_20190109T093135_20190109T093200_025399_02D02B_A625,8069,3066,8,10,126.67925041080481,36.86662118575712
S1A_IW_GRDH_1SDV_20190109T093135_20190109T093200_025399_02D02B_A625,8601,3257,7,10,126.77474132550672,36.83230554190376
S1A_IW_GRDH_1SDV_20190109T093135_20190109T093200_025399_02D02B_A625,8505,3012,8,9,126.75758350358004,36.87641282235402
S1A_IW_GRDH_1SDV_20190109T093135_20190109T093200_025399_02D02B_A625,8342,3534,8,6,126.72829842531775,36.78289820127718
S1A_IW_GRDH_1SDV_20190109T093135_20190109T093200_025399_02D02B_A625,8120,3396,6,12,126.68823356364601,36.807152713948405
S1A_IW_GRDH_1SDV_20190109T093135_20190109T093200_025399_02D02B_A625,9145,3362,9,11,126.87265769147575,36.81335108940883
S1A_IW_GRDH_1SDV_20190109T093135_20190109T093200_025399_02D02B_A625,8884,3308,6,9,126.82549613905947,36.82323255753415
S1A_IW_GRDH_1SDV_20190109T093135_20190109T093200_025399_02D02B_A625,9462,3474,8,9,126.92952104896051,36.79340849010138
S1A_IW_GRDH_1SDV_20190109T093135_20190109T093200_025399_02D02B_A625,9405,3329,8,12,126.91928025472156,36.81919013875561
S1A_IW_GRDH_1SDV_20190109T093135_20190109T093200_025399_02D02B_A625,10195,3153,12,12,127.06157339572609,36.850810836756615
S1A_IW_GRDH_1SDV_20190109T093135_20190109T093200_025399_02D02B_A625,10989,3533,11,6,127.20413603131585,36.783077864334004
S1A_IW_GRDH_1SDV_20190109T093135_20190109T093200_025399_02D02B_A625,11914,3194,8,11,127.37005486429273,36.84353448295525
S1A_IW_GRDH_1SDV_20190109T093135_20190109T093200_025399_02D02B_A625,12040,3258,8,9,127.39269240945254,36.832215710375344
S1A_IW_GRDH_1SDV_20190109T093135_20190109T093200_025399_02D02B_A625,12063,3233,7,8,127.39673482823108,36.83679711832435
S1A_IW_GRDH_1SDV_20190109T093135_20190109T093200_025399_02D02B_A625,12570,3371,8,10,127.48791382956921,36.81182395342583
S1A_IW_GRDH_1SDV_20190109T093135_20190109T093200_025399_02D02B_A625,13222,3354,7,11,127.60496431108999,36.814788393863424
S1A_IW_GRDH_1SDV_20190109T093135_20190109T093200_025399_02D02B_A625,12929,3483,7,9,127.55232303544058,36.79179152258996
S1A_IW_GRDH_1SDV_20190109T093135_20190109T093200_025399_02D02B_A625,14291,3227,7,12,127.79702411883474,36.83751577055165
S1A_IW_GRDH_1SDV_20190109T093135_20190109T093200_025399_02D02B_A625,14814,3519,9,14,127.89116756061046,36.78487449490224
S1A_IW_GRDH_1SDV_20190109T093135_20190109T093200_025399_02D02B_A625,2011,4049,8,21,125.5908516125656,36.68902425408669
S1A_IW_GRDH_1SDV_20190109T093135_20190109T093200_025399_02D02B_A625,2182,3633,8,18,125.62157399528249,36.764033580310674
S1A_IW_GRDH_1SDV_20190109T093135_20190109T093200_025399_02D02B_A625,2792,3515,11,16,125.7314379545303,36.78541348407271
S1A_IW_GRDH_1SDV_20190109T093135_20190109T093200_025399_02D02B_A625,3969,3619,7,14,125.9425420462984,36.766908189219855
S1A_IW_GRDH_1SDV_20190109T093135_20190109T093200_025399_02D02B_A625,5550,3854,8,11,126.2266791706654,36.724956865451475
S1A_IW_GRDH_1SDV_20190109T093135_20190109T093200_025399_02D02B_A625,6423,3953,6,8,126.38334535621584,36.70743971741114
S1A_IW_GRDH_1SDV_20190109T093135_20190109T093200_025399_02D02B_A625,5890,4000,8,9,126.28776460998553,36.698905722212004
S1A_IW_GRDH_1SDV_20190109T093135_20190109T093200_025399_02D02B_A625,5901,3848,9,10,126.289830735139,36.726124675320825
S1A_IW_GRDH_1SDV_20190109T093135_20190109T093200_025399_02D02B_A625,6041,3775,7,8,126.31480390003753,36.73941974152579
S1A_IW_GRDH_1SDV_20190109T093135_20190109T093200_025399_02D02B_A625,6581,4113,7,6,126.41182195072243,36.67887329137614
S1A_IW_GRDH_1SDV_20190109T093135_20190109T093200_025399_02D02B_A625,7433,3757,7,10,126.5648948751364,36.7424740134918
S1A_IW_GRDH_1SDV_20190109T093135_20190109T093200_025399_02D02B_A625,7199,3600,7,9,126.5228537198396,36.77077094494157
S1A_IW_GRDH_1SDV_20190109T093135_20190109T093200_025399_02D02B_A625,7763,3712,8,9,126.6242735154167,36.75064868257729
S1A_IW_GRDH_1SDV_20190109T093135_20190109T093200_025399_02D02B_A625,7986,3585,7,8,126.66424854556001,36.773555722322335
S1A_IW_GRDH_1SDV_20190109T093135_20190109T093200_025399_02D02B_A625,8320,3719,9,11,126.72443566959603,36.749211378122695
S1A_IW_GRDH_1SDV_20190109T093135_20190109T093200_025399_02D02B_A625,8342,3534,8,11,126.72829842531775,36.78244904363512
S1A_IW_GRDH_1SDV_20190109T093135_20190109T093200_025399_02D02B_A625,8782,3548,8,12,126.80735017032026,36.77984392931118
S1A_IW_GRDH_1SDV_20190109T093135_20190109T093200_025399_02D02B_A625,9225,3765,9,11,126.88703073602166,36.7409468775088
S1A_IW_GRDH_1SDV_20190109T093135_20190109T093200_025399_02D02B_A625,10217,4006,8,9,127.06516665686256,36.69782774387106
S1A_IW_GRDH_1SDV_20190109T093135_20190109T093200_025399_02D02B_A625,10378,4013,7,9,127.0940025774828,36.696570102473295
S1A_IW_GRDH_1SDV_20190109T093135_20190109T093200_025399_02D02B_A625,9860,3988,4,12,127.00066761946277,36.70079218430865
S1A_IW_GRDH_1SDV_20190109T093135_20190109T093200_025399_02D02B_A625,10989,3534,9,9,127.20395636825903,36.782628706691945
S1A_IW_GRDH_1SDV_20190109T093135_20190109T093200_025399_02D02B_A625,10886,3710,8,10,127.18536124187776,36.750918177162525
S1A_IW_GRDH_1SDV_20190109T093135_20190109T093200_025399_02D02B_A625,11646,3855,8,9,127.32190516506392,36.724956865451475
S1A_IW_GRDH_1SDV_20190109T093135_20190109T093200_025399_02D02B_A625,11647,3855,7,10,127.32199499659234,36.72486703392306
S1A_IW_GRDH_1SDV_20190109T093135_20190109T093200_025399_02D02B_A625,12174,3768,7,8,127.41667742753853,36.740677382923565
S1A_IW_GRDH_1SDV_20190109T093135_20190109T093200_025399_02D02B_A625,12468,3850,9,15,127.46967802930158,36.72531619156512
S1A_IW_GRDH_1SDV_20190109T093135_20190109T093200_025399_02D02B_A625,12227,3927,9,10,127.42637923260702,36.71193129383174
S1A_IW_GRDH_1SDV_20190109T093135_20190109T093200_025399_02D02B_A625,13046,3861,7,10,127.57334361308898,36.72378905558212
S1A_IW_GRDH_1SDV_20190109T093135_20190109T093200_025399_02D02B_A625,13351,3637,7,9,127.62814084542026,36.76412341183908
S1A_IW_GRDH_1SDV_20190109T093135_20190109T093200_025399_02D02B_A625,13613,3639,8,9,127.67530239783655,36.763764085725434
S1A_IW_GRDH_1SDV_20190109T093135_20190109T093200_025399_02D02B_A625,13349,3636,9,10,127.62796118236344,36.76421324336749
S1A_IW_GRDH_1SDV_20190109T093135_20190109T093200_025399_02D02B_A625,13876,3990,7,11,127.72246395025282,36.70052268972342
S1A_IW_GRDH_1SDV_20190109T093135_20190109T093200_025399_02D02B_A625,14475,3615,7,10,127.83008212129033,36.7679861675608
S1A_IW_GRDH_1SDV_20190109T093135_20190109T093200_025399_02D02B_A625,14813,3519,10,13,127.89107772908206,36.784964326430654
S1A_IW_GRDH_1SDV_20190109T093135_20190109T093200_025399_02D02B_A625,2012,4060,7,10,125.59094144409401,36.68803610727416
S1A_IW_GRDH_1SDV_20190109T093135_20190109T093200_025399_02D02B_A625,5200,4116,6,10,126.1636174377202,36.67797497609202
S1A_IW_GRDH_1SDV_20190109T093135_20190109T093200_025399_02D02B_A625,5377,4120,8,10,126.19559746183486,36.677256323864725
S1A_IW_GRDH_1SDV_20190109T093135_20190109T093200_025399_02D02B_A625,5850,4066,7,9,126.28048825618416,36.687047960461626
S1A_IW_GRDH_1SDV_20190109T093135_20190109T093200_025399_02D02B_A625,5951,4178,7,10,126.29863422492338,36.66683586656894
S1A_IW_GRDH_1SDV_20190109T093135_20190109T093200_025399_02D02B_A625,6253,4694,9,6,126.35307213114102,36.574489055361454
S1A_IW_GRDH_1SDV_20190109T093135_20190109T093200_025399_02D02B_A625,7374,4180,8,9,126.5543845863122,36.666566371983706
S1A_IW_GRDH_1SDV_20190109T093135_20190109T093200_025399_02D02B_A625,7029,4220,8,11,126.49240083170795,36.65920018665392
S1A_IW_GRDH_1SDV_20190109T093135_20190109T093200_025399_02D02B_A625,7921,4355,9,10,126.65275010992329,36.635035505511105
S1A_IW_GRDH_1SDV_20190109T093135_20190109T093200_025399_02D02B_A625,8417,4618,9,10,126.74186298610795,36.58778412156642
S1A_IW_GRDH_1SDV_20190109T093135_20190109T093200_025399_02D02B_A625,8837,4484,8,9,126.81723163844558,36.611948802709236
S1A_IW_GRDH_1SDV_20190109T093135_20190109T093200_025399_02D02B_A625,9126,4391,7,12,126.86906443033926,36.628387972408625
S1A_IW_GRDH_1SDV_20190109T093135_20190109T093200_025399_02D02B_A625,10474,4625,7,10,127.1112502309379,36.58652648016865
S1A_IW_GRDH_1SDV_20190109T093135_20190109T093200_025399_02D02B_A625,10410,4251,7,8,127.09975179530116,36.653900126477616
S1A_IW_GRDH_1SDV_20190109T093135_20190109T093200_025399_02D02B_A625,10626,4692,8,7,127.13864884710354,36.57475854994669
S1A_IW_GRDH_1SDV_20190109T093135_20190109T093200_025399_02D02B_A625,10818,4124,6,9,127.1729644909569,36.67662750316584
S1A_IW_GRDH_1SDV_20190109T093135_20190109T093200_025399_02D02B_A625,10473,4625,8,9,127.11116039940948,36.586616311697064
S1A_IW_GRDH_1SDV_20190109T093135_20190109T093200_025399_02D02B_A625,11801,4379,7,10,127.34966310734322,36.63072359214733
S1A_IW_GRDH_1SDV_20190109T093135_20190109T093200_025399_02D02B_A625,13457,4220,8,10,127.64727496097201,36.65929001818233
S1A_IW_GRDH_1SDV_20190109T093135_20190109T093200_025399_02D02B_A625,13805,4075,8,9,127.70979770474673,36.68543099295021
S1A_IW_GRDH_1SDV_20190109T093135_20190109T093200_025399_02D02B_A625,14183,4249,11,11,127.7779798348114,36.65398995800603
S1A_IW_GRDH_1SDV_20190109T093135_20190109T093200_025399_02D02B_A625,15910,4684,7,11,128.08789860783264,36.57583652828763
S1A_IW_GRDH_1SDV_20190109T093135_20190109T093200_025399_02D02B_A625,1105,5112,8,20,125.42807688308315,36.49813225621129
S1A_IW_GRDH_1SDV_20190109T093135_20190109T093200_025399_02D02B_A625,1393,4876,9,16,125.47990967497684,36.540892063735384
S1A_IW_GRDH_1SDV_20190109T093135_20190109T093200_025399_02D02B_A625,1977,5066,8,21,125.58474306863359,36.50630692529678
S1A_IW_GRDH_1SDV_20190109T093135_20190109T093200_025399_02D02B_A625,2221,4842,9,17,125.62867068602704,36.54691077613898
S1A_IW_GRDH_1SDV_20190109T093135_20190109T093200_025399_02D02B_A625,3793,5083,7,14,125.91092134829739,36.503881474029654
S1A_IW_GRDH_1SDV_20190109T093135_20190109T093200_025399_02D02B_A625,6434,5240,5,11,126.38523181831249,36.47594386869354
S1A_IW_GRDH_1SDV_20190109T093135_20190109T093200_025399_02D02B_A625,7345,4968,8,10,126.54917435766431,36.524902051678055
S1A_IW_GRDH_1SDV_20190109T093135_20190109T093200_025399_02D02B_A625,7343,4726,9,10,126.54890486307907,36.56838051142944
S1A_IW_GRDH_1SDV_20190109T093135_20190109T093200_025399_02D02B_A625,7370,5229,8,10,126.5536659340849,36.47800999384702
S1A_IW_GRDH_1SDV_20190109T093135_20190109T093200_025399_02D02B_A625,8012,4733,8,11,126.66900961656586,36.56703303850326
S1A_IW_GRDH_1SDV_20190109T093135_20190109T093200_025399_02D02B_A625,7603,4981,9,9,126.59561725785329,36.52265626346775
S1A_IW_GRDH_1SDV_20190109T093135_20190109T093200_025399_02D02B_A625,7883,5006,7,9,126.64574325070716,36.51816468704716
S1A_IW_GRDH_1SDV_20190109T093135_20190109T093200_025399_02D02B_A625,7977,4960,10,12,126.66290107263384,36.52615969307582
S1A_IW_GRDH_1SDV_20190109T093135_20190109T093200_025399_02D02B_A625,7805,4856,7,9,126.63172953227489,36.54511414557074
S1A_IW_GRDH_1SDV_20190109T093135_20190109T093200_025399_02D02B_A625,7749,5232,8,8,126.62175823262116,36.477650667733364
S1A_IW_GRDH_1SDV_20190109T093135_20190109T093200_025399_02D02B_A625,8257,4704,7,10,126.7129372339593,36.572333098679565
S1A_IW_GRDH_1SDV_20190109T093135_20190109T093200_025399_02D02B_A625,8178,5053,8,10,126.69883368399861,36.509630691848024
S1A_IW_GRDH_1SDV_20190109T093135_20190109T093200_025399_02D02B_A625,11261,4909,9,10,127.25282471971514,36.53550217203066
S1A_IW_GRDH_1SDV_20190109T093135_20190109T093200_025399_02D02B_A625,11718,5134,9,9,127.33493073668366,36.4951678157737
S1A_IW_GRDH_1SDV_20190109T093135_20190109T093200_025399_02D02B_A625,12838,4713,7,8,127.5359736972696,36.570895794224974
S1A_IW_GRDH_1SDV_20190109T093135_20190109T093200_025399_02D02B_A625,14118,4686,6,9,127.76585257847579,36.575656865230805
S1A_IW_GRDH_1SDV_20190109T093135_20190109T093200_025399_02D02B_A625,3220,5283,7,13,125.8079744167373,36.46803869419329
S1A_IW_GRDH_1SDV_20190109T093135_20190109T093200_025399_02D02B_A625,6434,5241,5,11,126.38523181831249,36.475764205636715
S1A_IW_GRDH_1SDV_20190109T093135_20190109T093200_025399_02D02B_A625,6434,5243,8,8,126.38550131289773,36.4756743741083
S1A_IW_GRDH_1SDV_20190109T093135_20190109T093200_025399_02D02B_A625,6500,5786,6,9,126.39717941159128,36.378027502724514
S1A_IW_GRDH_1SDV_20190109T093135_20190109T093200_025399_02D02B_A625,7249,5852,8,7,126.53192670420921,36.366349404030956
S1A_IW_GRDH_1SDV_20190109T093135_20190109T093200_025399_02D02B_A625,9517,5317,8,9,126.93940251708582,36.46228947637492
S1A_IW_GRDH_1SDV_20190109T093135_20190109T093200_025399_02D02B_A625,11552,5515,11,11,127.30528633230772,36.42653652806697
S1A_IW_GRDH_1SDV_20190109T093135_20190109T093200_025399_02D02B_A625,11626,5603,8,10,127.31831190392744,36.41081601059487
S1A_IW_GRDH_1SDV_20190109T093135_20190109T093200_025399_02D02B_A625,14288,5420,7,9,127.79648512966426,36.44378418152206
S1A_IW_GRDH_1SDV_20190109T093135_20190109T093200_025399_02D02B_A625,15050,5410,8,11,127.9334782104925,36.44540114903348
S1A_IW_GRDH_1SDV_20190109T093135_20190109T093200_025399_02D02B_A625,7947,6094,8,9,126.6573315178723,36.32269128122275
S1A_IW_GRDH_1SDV_20190109T093135_20190109T093200_025399_02D02B_A625,8052,6311,8,9,126.6761961388388,36.28370439789196
S1A_IW_GRDH_1SDV_20190109T093135_20190109T093200_025399_02D02B_A625,8833,6312,7,10,126.81642315468987,36.28343490330673
S1A_IW_GRDH_1SDV_20190109T093135_20190109T093200_025399_02D02B_A625,9577,6060,8,12,126.95018230049526,36.32853033056953
S1A_IW_GRDH_1SDV_20190109T093135_20190109T093200_025399_02D02B_A625,9517,6116,10,14,126.93958218014265,36.31828953633056
S1A_IW_GRDH_1SDV_20190109T093135_20190109T093200_025399_02D02B_A625,9767,6190,7,9,126.98422844976339,36.30544362776765
S1A_IW_GRDH_1SDV_20190109T093135_20190109T093200_025399_02D02B_A625,10266,6388,8,11,127.07397014664693,36.2696906794597
S1A_IW_GRDH_1SDV_20190109T093135_20190109T093200_025399_02D02B_A625,10912,6079,8,9,127.19003248135517,36.32538622707511
S1A_IW_GRDH_1SDV_20190109T093135_20190109T093200_025399_02D02B_A625,10598,5945,7,8,127.13352844998406,36.34955090821792
S1A_IW_GRDH_1SDV_20190109T093135_20190109T093200_025399_02D02B_A625,10782,6270,6,10,127.16649662091125,36.29098075169333
S1A_IW_GRDH_1SDV_20190109T093135_20190109T093200_025399_02D02B_A625,13333,6427,8,12,127.62499674192584,36.26259398871515
S1A_IW_GRDH_1SDV_20190109T093135_20190109T093200_025399_02D02B_A625,13165,6348,9,11,127.59490317990785,36.27687720173265
S1A_IW_GRDH_1SDV_20190109T093135_20190109T093200_025399_02D02B_A625,13047,6430,9,8,127.57370293920262,36.26241432565833
S1A_IW_GRDH_1SDV_20190109T093135_20190109T093200_025399_02D02B_A625,14505,6064,6,9,127.83538218146664,36.32808117292747
S1A_IW_GRDH_1SDV_20190109T093135_20190109T093200_025399_02D02B_A625,15110,5933,6,10,127.9440783308451,36.351527201842984
S1A_IW_GRDH_1SDV_20190109T093135_20190109T093200_025399_02D02B_A625,15656,5884,8,13,128.04235402292778,36.36006119704212
S1A_IW_GRDH_1SDV_20190109T093135_20190109T093200_025399_02D02B_A625,15830,6309,8,12,128.07361539481514,36.28379422942037
S1A_IW_GRDH_1SDV_20190109T093135_20190109T093200_025399_02D02B_A625,16116,6131,9,12,128.12508886059518,36.31577425353503
S1A_IW_GRDH_1SDV_20190109T093135_20190109T093200_025399_02D02B_A625,15660,5884,3,14,128.04262351751302,36.35997136551371
S1A_IW_GRDH_1SDV_20190109T093135_20190109T093200_025399_02D02B_A625,16807,6343,8,9,128.24914620133208,36.2779551800736
S1A_IW_GRDH_1SDV_20190109T093135_20190109T093200_025399_02D02B_A625,2879,7000,9,15,125.74688897741716,36.15937756256982
S1A_IW_GRDH_1SDV_20190109T093135_20190109T093200_025399_02D02B_A625,3397,6660,9,21,125.83995444085194,36.219924012719474
S1A_IW_GRDH_1SDV_20190109T093135_20190109T093200_025399_02D02B_A625,7356,6923,10,13,126.55133031434619,36.17339128100208
S1A_IW_GRDH_1SDV_20190109T093135_20190109T093200_025399_02D02B_A625,7577,6741,9,9,126.59094601837586,36.20644928345769
S1A_IW_GRDH_1SDV_20190109T093135_20190109T093200_025399_02D02B_A625,7448,6883,7,11,126.56758982098876,36.18075746633186
S1A_IW_GRDH_1SDV_20190109T093135_20190109T093200_025399_02D02B_A625,7406,6999,8,13,126.56013380413057,36.15973688868347
S1A_IW_GRDH_1SDV_20190109T093135_20190109T093200_025399_02D02B_A625,7760,7009,12,9,126.62409385235988,36.15829958422888
S1A_IW_GRDH_1SDV_20190109T093135_20190109T093200_025399_02D02B_A625,7577,6741,10,9,126.59103584990427,36.20644928345769
S1A_IW_GRDH_1SDV_20190109T093135_20190109T093200_025399_02D02B_A625,7677,6925,7,8,126.60873266100143,36.173481112530496
S1A_IW_GRDH_1SDV_20190109T093135_20190109T093200_025399_02D02B_A625,9796,6687,10,14,126.98970817299652,36.215701930884116
S1A_IW_GRDH_1SDV_20190109T093135_20190109T093200_025399_02D02B_A625,9800,6750,11,15,126.99051665675223,36.2042933267758
S1A_IW_GRDH_1SDV_20190109T093135_20190109T093200_025399_02D02B_A625,9745,6705,9,11,126.9804555255701,36.21273749044652
S1A_IW_GRDH_1SDV_20190109T093135_20190109T093200_025399_02D02B_A625,9392,6715,7,10,126.91685480345443,36.21103069140669
S1A_IW_GRDH_1SDV_20190109T093135_20190109T093200_025399_02D02B_A625,10265,6387,10,13,127.07397014664693,36.2696906794597
S1A_IW_GRDH_1SDV_20190109T093135_20190109T093200_025399_02D02B_A625,10734,6460,8,10,127.15805245724052,36.25684477089679
S1A_IW_GRDH_1SDV_20190109T093135_20190109T093200_025399_02D02B_A625,10464,6956,7,8,127.10945360036965,36.16791155776895
S1A_IW_GRDH_1SDV_20190109T093135_20190109T093200_025399_02D02B_A625,13332,6426,10,13,127.62499674192584,36.262683820243566
S1A_IW_GRDH_1SDV_20190109T093135_20190109T093200_025399_02D02B_A625,13065,6469,8,9,127.57684704269704,36.25531763491379
S1A_IW_GRDH_1SDV_20190109T093135_20190109T093200_025399_02D02B_A625,12808,7012,8,7,127.5306736370933,36.15794025811523
S1A_IW_GRDH_1SDV_20190109T093135_20190109T093200_025399_02D02B_A625,15711,6714,7,10,128.05214565952468,36.21121035446352
S1A_IW_GRDH_1SDV_20190109T093135_20190109T093200_025399_02D02B_A625,1705,7393,9,18,125.5359645487059,36.08850048665279
S1A_IW_GRDH_1SDV_20190109T093135_20190109T093200_025399_02D02B_A625,2879,7002,8,16,125.74679914588876,36.158928404927764
S1A_IW_GRDH_1SDV_20190109T093135_20190109T093200_025399_02D02B_A625,4990,7572,7,16,126.1259780273156,36.05652046253814
S1A_IW_GRDH_1SDV_20190109T093135_20190109T093200_025399_02D02B_A625,7416,7038,7,8,126.5618406031704,36.153179187109394
S1A_IW_GRDH_1SDV_20190109T093135_20190109T093200_025399_02D02B_A625,7760,7007,12,11,126.62409385235988,36.1584792472857
S1A_IW_GRDH_1SDV_20190109T093135_20190109T093200_025399_02D02B_A625,8504,7581,8,12,126.75740384052321,36.05526282114037
S1A_IW_GRDH_1SDV_20190109T093135_20190109T093200_025399_02D02B_A625,8568,7213,7,9,126.76881244463154,36.1216483206368
S1A_IW_GRDH_1SDV_20190109T093135_20190109T093200_025399_02D02B_A625,9041,7344,11,12,126.85415239662288,36.09784296560763
S1A_IW_GRDH_1SDV_20190109T093135_20190109T093200_025399_02D02B_A625,8822,7548,9,14,126.81462652412162,36.06101203895874
S1A_IW_GRDH_1SDV_20190109T093135_20190109T093200_025399_02D02B_A625,9445,7448,8,10,126.9264667769945,36.07933767075477
S1A_IW_GRDH_1SDV_20190109T093135_20190109T093200_025399_02D02B_A625,10075,7526,9,10,127.03974433432198,36.06532395232251
S1A_IW_GRDH_1SDV_20190109T093135_20190109T093200_025399_02D02B_A625,12477,7175,8,9,127.47120516528459,36.12847551679611
S1A_IW_GRDH_1SDV_20190109T093135_20190109T093200_025399_02D02B_A625,13005,7212,8,11,127.5660672592876,36.1216483206368
S1A_IW_GRDH_1SDV_20190109T093135_20190109T093200_025399_02D02B_A625,12817,7532,8,10,127.53229060460471,36.06424597398156
S1A_IW_GRDH_1SDV_20190109T093135_20190109T093200_025399_02D02B_A625,13387,7030,8,8,127.63469854699434,36.154616491563985
S1A_IW_GRDH_1SDV_20190109T093135_20190109T093200_025399_02D02B_A625,14765,7326,9,11,127.88236407082609,36.10116673215887
S1A_IW_GRDH_1SDV_20190109T093135_20190109T093200_025399_02D02B_A625,16016,7591,10,8,128.1072123864412,36.05382551668578
S1A_IW_GRDH_1SDV_20190109T093135_20190109T093200_025399_02D02B_A625,15819,7254,7,10,128.07154926966166,36.11419230377861
S1A_IW_GRDH_1SDV_20190109T093135_20190109T093200_025399_02D02B_A625,4942,7701,8,18,126.11744403211647,36.03316426515103
S1A_IW_GRDH_1SDV_20190109T093135_20190109T093200_025399_02D02B_A625,4991,7576,6,15,126.12606785884401,36.05589164183925
S1A_IW_GRDH_1SDV_20190109T093135_20190109T093200_025399_02D02B_A625,8012,7791,10,13,126.66918927962267,36.01744374767894
S1A_IW_GRDH_1SDV_20190109T093135_20190109T093200_025399_02D02B_A625,8201,7769,8,10,126.70296593430557,36.0216658295143
S1A_IW_GRDH_1SDV_20190109T093135_20190109T093200_025399_02D02B_A625,8574,8106,7,9,126.76989042297248,35.96120921089305
S1A_IW_GRDH_1SDV_20190109T093135_20190109T093200_025399_02D02B_A625,9218,8098,7,13,126.88559343156707,35.962287189234
S1A_IW_GRDH_1SDV_20190109T093135_20190109T093200_025399_02D02B_A625,8954,8108,6,9,126.83807255303715,35.96084988477941
S1A_IW_GRDH_1SDV_20190109T093135_20190109T093200_025399_02D02B_A625,9501,7810,9,13,126.93661773970506,36.01403014959928
S1A_IW_GRDH_1SDV_20190109T093135_20190109T093200_025399_02D02B_A625,9768,7993,7,11,126.98440811282022,35.981331473257335
S1A_IW_GRDH_1SDV_20190109T093135_20190109T093200_025399_02D02B_A625,9865,7731,10,11,127.00210492391737,36.02840319414519
S1A_IW_GRDH_1SDV_20190109T093135_20190109T093200_025399_02D02B_A625,9861,7689,7,11,127.00111677710484,36.0359490425318
S1A_IW_GRDH_1SDV_20190109T093135_20190109T093200_025399_02D02B_A625,10677,7987,10,12,127.14799132605837,35.982319620069866
S1A_IW_GRDH_1SDV_20190109T093135_20190109T093200_025399_02D02B_A625,10440,8033,4,13,127.10487219242064,35.97396528792755
S1A_IW_GRDH_1SDV_20190109T093135_20190109T093200_025399_02D02B_A625,11735,8174,7,5,127.33780534559284,35.949351449142675
S1A_IW_GRDH_1SDV_20190109T093135_20190109T093200_025399_02D02B_A625,13769,8025,7,10,127.70324000317265,35.97567208696738
S1A_IW_GRDH_1SDV_20190109T093135_20190109T093200_025399_02D02B_A625,15463,7770,8,10,128.00767905296075,36.02148616645747
S1A_IW_GRDH_1SDV_20190109T093135_20190109T093200_025399_02D02B_A625,16016,7588,10,12,128.1072123864412,36.0540051797426
S1A_IW_GRDH_1SDV_20190109T093135_20190109T093200_025399_02D02B_A625,16872,8041,6,11,128.26064463696883,35.972707646529784
S1A_IW_GRDH_1SDV_20190109T093135_20190109T093200_025399_02D02B_A625,2901,8312,9,21,125.75084156466728,35.923120642846385
S1A_IW_GRDH_1SDV_20190109T093135_20190109T093200_025399_02D02B_A625,6319,8237,10,15,126.36501972441981,35.93713436127865
S1A_IW_GRDH_1SDV_20190109T093135_20190109T093200_025399_02D02B_A625,6388,8732,6,10,126.37705714922701,35.84865030579288
S1A_IW_GRDH_1SDV_20190109T093135_20190109T093200_025399_02D02B_A625,7494,8435,6,14,126.57576449007425,35.90165090755593
S1A_IW_GRDH_1SDV_20190109T093135_20190109T093200_025399_02D02B_A625,7936,8349,10,11,126.65553488730406,35.91737142502802
S1A_IW_GRDH_1SDV_20190109T093135_20190109T093200_025399_02D02B_A625,8688,8753,8,7,126.79046184297881,35.84514687618481
S1A_IW_GRDH_1SDV_20190109T093135_20190109T093200_025399_02D02B_A625,8662,8406,7,11,126.78570077197298,35.90713063078906
S1A_IW_GRDH_1SDV_20190109T093135_20190109T093200_025399_02D02B_A625,10903,8630,8,12,127.18841551384376,35.86679627453209
S1A_IW_GRDH_1SDV_20190109T093135_20190109T093200_025399_02D02B_A625,13465,8606,9,10,127.64880209695501,35.87128785095269
S1A_IW_GRDH_1SDV_20190109T093135_20190109T093200_025399_02D02B_A625,13635,8598,7,10,127.67916515355826,35.87272515540728
S1A_IW_GRDH_1SDV_20190109T093135_20190109T093200_025399_02D02B_A625,14926,8589,8,10,127.91119999144632,35.8743421229187
S1A_IW_GRDH_1SDV_20190109T093135_20190109T093200_025399_02D02B_A625,14982,8600,8,11,127.92126112262847,35.87227599776522
S1A_IW_GRDH_1SDV_20190109T093135_20190109T093200_025399_02D02B_A625,14970,8626,7,8,127.91901533441816,35.86787425287304
S1A_IW_GRDH_1SDV_20190109T093135_20190109T093200_025399_02D02B_A625,15239,8327,7,10,127.96734469670379,35.92141384380656
S1A_IW_GRDH_1SDV_20190109T093135_20190109T093200_025399_02D02B_A625,15158,8481,7,8,127.95279198910106,35.8939253961125
S1A_IW_GRDH_1SDV_20190109T093135_20190109T093200_025399_02D02B_A625,6388,8731,6,10,126.37705714922701,35.8488299688497
S1A_IW_GRDH_1SDV_20190109T093135_20190109T093200_025399_02D02B_A625,7485,9120,8,13,126.57432718561965,35.778671545159966
S1A_IW_GRDH_1SDV_20190109T093135_20190109T093200_025399_02D02B_A625,7866,9041,11,14,126.6430483048548,35.792775095120646
S1A_IW_GRDH_1SDV_20190109T093135_20190109T093200_025399_02D02B_A625,7947,9273,6,11,126.65715185481548,35.75136276052273
S1A_IW_GRDH_1SDV_20190109T093135_20190109T093200_025399_02D02B_A625,8721,9112,7,12,126.79630089232559,35.78019868114297
S1A_IW_GRDH_1SDV_20190109T093135_20190109T093200_025399_02D02B_A625,8932,8811,8,11,126.83429962884384,35.83436709277538
S1A_IW_GRDH_1SDV_20190109T093135_20190109T093200_025399_02D02B_A625,8917,9131,6,11,126.83142501993466,35.77687491459173
S1A_IW_GRDH_1SDV_20190109T093135_20190109T093200_025399_02D02B_A625,8721,9111,7,12,126.79630089232559,35.7803783441998
S1A_IW_GRDH_1SDV_20190109T093135_20190109T093200_025399_02D02B_A625,9476,8795,10,13,126.93221599481288,35.837062038627735
S1A_IW_GRDH_1SDV_20190109T093135_20190109T093200_025399_02D02B_A625,10609,8705,8,9,127.13559457513753,35.85359103985554
S1A_IW_GRDH_1SDV_20190109T093135_20190109T093200_025399_02D02B_A625,13130,8731,8,9,127.58852514139059,35.84891980037811
S1A_IW_GRDH_1SDV_20190109T093135_20190109T093200_025399_02D02B_A625,7452,9723,10,13,126.56857796780129,35.67033472189515
S1A_IW_GRDH_1SDV_20190109T093135_20190109T093200_025399_02D02B_A625,7677,9417,7,8,126.60873266100143,35.72576077492533
S1A_IW_GRDH_1SDV_20190109T093135_20190109T093200_025399_02D02B_A625,8197,9439,8,10,126.70224728207828,35.721628524618374
S1A_IW_GRDH_1SDV_20190109T093135_20190109T093200_025399_02D02B_A625,9417,9371,9,13,126.92152604293184,35.733576117897165
